

function [e]=initParametersNLP(E)
 global k1 k2 k3 k4


 k1=0.09755988;
 k3=0.0391908;
 k2=0.99*k1;
 k4=0.9*k3;
 
 e=0; 
end
